{
 "cells": [
  {
   "cell_type": "code",
   "execution_count": 11,
   "metadata": {},
   "outputs": [
    {
     "name": "stdout",
     "output_type": "stream",
     "text": [
      "[-1. -1.  1.  1.  1.  1.  1. -1. -1. -1.  1. -1. -1. -1.]\n"
     ]
    }
   ],
   "source": [
    "import numpy as np\n",
    "import matplotlib.pyplot as plt\n",
    "import random\n",
    "%matplotlib inline\n",
    "N=14\n",
    "xi_pattern=np.zeros(N)\n",
    "for i in range(N):\n",
    "    if random.uniform(0,1)<0.5:\n",
    "        xi_pattern[i]=1\n",
    "    else:\n",
    "        xi_pattern[i]=-1\n",
    "print(xi_pattern)"
   ]
  },
  {
   "cell_type": "code",
   "execution_count": 12,
   "metadata": {},
   "outputs": [
    {
     "name": "stdout",
     "output_type": "stream",
     "text": [
      "[[ 0.07142857  0.07142857 -0.07142857 -0.07142857 -0.07142857 -0.07142857\n",
      "  -0.07142857  0.07142857  0.07142857  0.07142857 -0.07142857  0.07142857\n",
      "   0.07142857  0.07142857]\n",
      " [ 0.07142857  0.07142857 -0.07142857 -0.07142857 -0.07142857 -0.07142857\n",
      "  -0.07142857  0.07142857  0.07142857  0.07142857 -0.07142857  0.07142857\n",
      "   0.07142857  0.07142857]\n",
      " [-0.07142857 -0.07142857  0.07142857  0.07142857  0.07142857  0.07142857\n",
      "   0.07142857 -0.07142857 -0.07142857 -0.07142857  0.07142857 -0.07142857\n",
      "  -0.07142857 -0.07142857]\n",
      " [-0.07142857 -0.07142857  0.07142857  0.07142857  0.07142857  0.07142857\n",
      "   0.07142857 -0.07142857 -0.07142857 -0.07142857  0.07142857 -0.07142857\n",
      "  -0.07142857 -0.07142857]\n",
      " [-0.07142857 -0.07142857  0.07142857  0.07142857  0.07142857  0.07142857\n",
      "   0.07142857 -0.07142857 -0.07142857 -0.07142857  0.07142857 -0.07142857\n",
      "  -0.07142857 -0.07142857]\n",
      " [-0.07142857 -0.07142857  0.07142857  0.07142857  0.07142857  0.07142857\n",
      "   0.07142857 -0.07142857 -0.07142857 -0.07142857  0.07142857 -0.07142857\n",
      "  -0.07142857 -0.07142857]\n",
      " [-0.07142857 -0.07142857  0.07142857  0.07142857  0.07142857  0.07142857\n",
      "   0.07142857 -0.07142857 -0.07142857 -0.07142857  0.07142857 -0.07142857\n",
      "  -0.07142857 -0.07142857]\n",
      " [ 0.07142857  0.07142857 -0.07142857 -0.07142857 -0.07142857 -0.07142857\n",
      "  -0.07142857  0.07142857  0.07142857  0.07142857 -0.07142857  0.07142857\n",
      "   0.07142857  0.07142857]\n",
      " [ 0.07142857  0.07142857 -0.07142857 -0.07142857 -0.07142857 -0.07142857\n",
      "  -0.07142857  0.07142857  0.07142857  0.07142857 -0.07142857  0.07142857\n",
      "   0.07142857  0.07142857]\n",
      " [ 0.07142857  0.07142857 -0.07142857 -0.07142857 -0.07142857 -0.07142857\n",
      "  -0.07142857  0.07142857  0.07142857  0.07142857 -0.07142857  0.07142857\n",
      "   0.07142857  0.07142857]\n",
      " [-0.07142857 -0.07142857  0.07142857  0.07142857  0.07142857  0.07142857\n",
      "   0.07142857 -0.07142857 -0.07142857 -0.07142857  0.07142857 -0.07142857\n",
      "  -0.07142857 -0.07142857]\n",
      " [ 0.07142857  0.07142857 -0.07142857 -0.07142857 -0.07142857 -0.07142857\n",
      "  -0.07142857  0.07142857  0.07142857  0.07142857 -0.07142857  0.07142857\n",
      "   0.07142857  0.07142857]\n",
      " [ 0.07142857  0.07142857 -0.07142857 -0.07142857 -0.07142857 -0.07142857\n",
      "  -0.07142857  0.07142857  0.07142857  0.07142857 -0.07142857  0.07142857\n",
      "   0.07142857  0.07142857]\n",
      " [ 0.07142857  0.07142857 -0.07142857 -0.07142857 -0.07142857 -0.07142857\n",
      "  -0.07142857  0.07142857  0.07142857  0.07142857 -0.07142857  0.07142857\n",
      "   0.07142857  0.07142857]]\n"
     ]
    }
   ],
   "source": [
    "w=np.zeros((N,N))\n",
    "for i in range(N):\n",
    "    for j in range(N):\n",
    "        w[i,j]=1/N*xi_pattern[i]*xi_pattern[j]\n",
    "print(w)"
   ]
  },
  {
   "cell_type": "code",
   "execution_count": 16,
   "metadata": {},
   "outputs": [
    {
     "name": "stdout",
     "output_type": "stream",
     "text": [
      "[-1.  1.  1.  1.  1.  1.  1. -1. -1. -1.  1. -1. -1. -1.]\n",
      "[-1. -1.  1.  1.  1.  1.  1. -1. -1. -1.  1. -1. -1. -1.]\n",
      "[-1. -1.  1.  1.  1.  1.  1. -1. -1. -1.  1. -1. -1. -1.]\n"
     ]
    }
   ],
   "source": [
    "xi0=np.zeros(N)\n",
    "for i in range(N):\n",
    "    if random.uniform(0,1)<0.2:\n",
    "        xi0[i]=-xi_pattern[i]\n",
    "    else:\n",
    "        xi0[i]=xi_pattern[i]\n",
    "print(xi0)\n",
    "xi=np.zeros(N)\n",
    "for i in range(N):\n",
    "    sum=0\n",
    "    for j in range(N):\n",
    "        sum=sum+w[i,j]*xi0[j]\n",
    "    if sum>0:\n",
    "        xi[i]=1\n",
    "    elif sum==0:\n",
    "        xi[i]=0\n",
    "    else:\n",
    "        xi[i]=-1\n",
    "print(xi_pattern)\n",
    "print(xi)"
   ]
  },
  {
   "cell_type": "code",
   "execution_count": null,
   "metadata": {},
   "outputs": [],
   "source": []
  }
 ],
 "metadata": {
  "kernelspec": {
   "display_name": "Python 3",
   "language": "python",
   "name": "python3"
  },
  "language_info": {
   "codemirror_mode": {
    "name": "ipython",
    "version": 3
   },
   "file_extension": ".py",
   "mimetype": "text/x-python",
   "name": "python",
   "nbconvert_exporter": "python",
   "pygments_lexer": "ipython3",
   "version": "3.7.3"
  }
 },
 "nbformat": 4,
 "nbformat_minor": 4
}
